# Number of parameters = 140  Objective function value = 22796.8  Maximum gradient component = 273952.
# log_mu_l1:
 -22.4053 2.61017
# log_mu_l2:
 5.36997 4.76455
# log_mu_rho:
 -0.0709555 -0.133068
# log_mu_lam1:
 3.03678 2.29109
# log_mu_lam2:
 -0.590082 -49.9580
# log_mu_lhat:
 4.69217 4.70598
# log_sd_lhat:
 2.35075 1.87972
# log_l1_dev:
 1.14447e-12 3.40479e-11 3.66858e-11 5.72836e-12 -3.61057e-11 -3.10902e-11 3.67977e-11 -5.42175e-11 7.00911e-12
 -0.0182421 0.100562 0.292274 -0.224542 -0.446069 -0.192047 0.683723 -0.593643 0.397986
# log_l2_dev:
 0.0659960 0.0737889 0.0324395 -0.0679013 -0.0428772 -0.0215243 0.0882623 0.00868690 -0.136871
 0.0514111 0.0450578 0.0241591 -0.0419435 -0.0237762 -0.0185344 0.000159580 0.0200954 -0.0566289
# log_rho_dev:
 9.54655e-09 -2.03650e-07 2.71330e-09 2.21413e-07 -4.09865e-08 -8.18107e-08 1.12358e-07 1.94920e-08 -3.90758e-08
 -1.13003e-07 -8.59080e-10 -4.55404e-08 3.66311e-07 1.99967e-07 -2.61242e-09 -1.36953e-07 -1.49664e-07 -1.17646e-07
# log_lam1_dev:
 2.35233e-09 1.33580e-08 1.39119e-08 3.48281e-09 -8.18548e-09 -8.25116e-09 1.50576e-09 -1.54394e-08 -2.73475e-09
 -6.74180e-10 -9.11725e-12 -1.44646e-09 1.78412e-08 1.17520e-08 1.54416e-09 -1.82226e-08 -4.00018e-09 -6.78485e-09
# log_lam2_dev:
 1.34640e-11 -4.13732e-09 -2.60674e-09 -9.86304e-10 -4.15653e-10 8.34875e-10 4.07334e-09 2.68564e-09 5.38699e-10
 0.00000 0.00000 0.00000 0.00000 0.00000 0.00000 0.00000 0.00000 0.00000
# log_lhat_dev:
 8.41895e-11 -5.11049e-10 7.68879e-10 1.67947e-09 -1.75351e-09 -1.41710e-09 1.54844e-09 -1.01114e-09 6.11823e-10
 -6.14433e-11 4.21908e-10 -1.83100e-09 6.69143e-09 1.63269e-09 1.42294e-10 -6.23239e-09 4.90026e-10 -1.25351e-09
# log_sdlh_dev:
 -3.46471e-11 -4.12302e-12 -9.37607e-11 -1.47799e-10 -7.88508e-11 8.74402e-12 2.12450e-10 -2.66979e-11 1.64684e-10
 1.47357e-10 9.72722e-11 1.09560e-10 -5.59703e-10 -1.11824e-10 2.46059e-11 1.12868e-10 1.17842e-10 6.20213e-11
# log_Z:
 -1.61000 -1.61000 -1.61000 -1.61000 -1.61000 -1.61000 -1.61000 -1.61000 -1.61000
 -1.61000 -1.61000 -1.61000 -1.61000 -1.61000 -1.61000 -1.61000 -1.61000 -1.61000
